E1 1 2 1
E2 1 9 1
E3 2 3 1
E4 2 10 1
E5 3 4 1
E6 3 11 1
E7 4 5 1
E8 4 12 1
E9 5 6 1
E10 5 13 1
E11 6 7 1
E12 6 14 1
E13 7 8 1
E14 7 15 1
E15 8 1 1
E16 8 16 1
E17 9 10 1
E18 9 17 1
E19 10 11 1
E20 10 18 1
E21 11 12 1
E22 11 19 1
E23 12 13 1
E24 12 20 1
E25 13 14 1
E26 13 21 1
E27 14 15 1
E28 14 22 1
E29 15 16 1
E30 15 23 1
E31 16 9 1
E32 16 24 1
E33 17 18 1
E34 17 25 1
E35 18 19 1
E36 18 26 1
E37 19 20 1
E38 19 27 1
E39 20 21 1
E40 20 28 1
E41 21 22 1
E42 21 29 1
E43 22 23 1
E44 22 30 1
E45 23 24 1
E46 23 31 1
E47 24 17 1
E48 24 32 1
E49 25 26 1
E50 25 33 1
E51 26 27 1
E52 26 34 1
E53 27 28 1
E54 27 35 1
E55 28 29 1
E56 28 36 1
E57 29 30 1
E58 29 37 1
E59 30 31 1
E60 30 38 1
E61 31 32 1
E62 31 39 1
E63 32 25 1
E64 32 40 1
E65 33 34 1
E66 33 41 1
E67 34 35 1
E68 34 42 1
E69 35 36 1
E70 35 43 1
E71 36 37 1
E72 36 44 1
E73 37 38 1
E74 37 45 1
E75 38 39 1
E76 38 46 1
E77 39 40 1
E78 39 47 1
E79 40 33 1
E80 40 48 1
E81 41 42 1
E82 41 49 1
E83 42 43 1
E84 42 49 1
E85 43 44 1
E86 43 49 1
E87 44 45 1
E88 44 49 1
E89 45 46 1
E90 45 49 1
E91 46 47 1
E92 46 49 1
E93 47 48 1
E94 47 49 1
E95 48 41 1
E96 48 49 1